1100000001010110000100110101
0101000000011100101000100001
1100000001110100101000100000
1001000101100101000010110111
1010000101010000111100101010
1000000100001100101001100000
0011000110000101000111010101
1010000110000010101001101000
1000100011000010000010101101
1010000100101001101100001110
1000000010110001001100010111
1010100110010100010111000101
0010100110000010011100100110
1000100111000100100011100101
1100000010110110000111100111
0111000100100110101010110011
0000100100100100101010010011
0110000101000111001010101100
0010001101000110001100101100
0010001101000100100110100101
0000110010000010000010100011
0001100101000101000010110111
1100100111000110100101001100
0100100010010001100001000101
0011000010010001000111010011
0101100010100010100010001101
0101000000011110001000110001
1000010000110010000000100101
0100001010010110001001110000
0010100101000110001001101100
0100100010100010100001010101
0100010010000011001000101101
0010010110000110000111100101
1000000101100110001000111101
0001000100001110000100011000
0110000100010011100001100101
0000100100010010100100010011
0011010100010101001100100010
1001000010100000101000101010
0011000100000101001100010111
1001000010001010000010110001
1100000110000011101000101101
0100010110000111000011100101
1010000001101010001100111110
1000100111000100101010110011
0110000010000010011110110101
0010100100000011000110010111
1000100100110110000010100111
0010100000010001001010100111
1011000110100101001110001010
1000000110010101001110010011
1100000010100010100010001001
1011000011100000100110001101
1100010111000110100101001000
0010000100100100100110000101
0110000000011110001001100000
0000110000001001001000010101
1010010110001001011001100100
0110100100001100111001100100
1110000101100100110011100010
1010000010101010001110110111
0000101010000010000010001000
1010000111000001010011100100
1000100011100100001010110111
0100100011000010100001110101
1010000001101000011100110110
1000000111000101011011011000
0010010101000001010001100100
0010110101000010100001001000
1010000101010001100001100101
0010100100100110001010010101
1000001101000010100000101000
1000100111000010100001110101
0100001110000111001010110101
1000001011000010000010101000
0011000101000100010101110100
1010000110000001011010001000
1000001010100010000010010001
1000100011000100001100001100
1010100111000001101010001101
0011000100001110001001110000
0011000100000101000110000010
1110000110001110010111100100
1010000110000010101100110011
0100010000001100011100100100
1010001110010001010110000101
1000010111000110001001110001
0100001001010110000001110000
1001000001100000100000110011
0000001110000010111100110101
0110000100000101111110100111
1000010010100001001000001101
0101100110000111001010101010
0011000000011001000011100101
0101000100001110101000110001
1000000110010110001001110001
1000100101000010100000101101
0000011110000110000110100101
1000100111000100101001110101
1000100101100101000010010111
0010010100100001100001000101
0100001110000110101001100000
0010010110000101000111000101
1000000111000101001010110101
0001010110000001100001100101
1100000011000010010010101000
